,_STATE,FMONTH,GENHLTH,PHYSHLTH,MENTHLTH,POORHLTH,MEDCOST1,CHECKUP1,SLEPTIM1,CVDINFR4,CVDCRHD4,CVDSTRK3,ASTHMA3,ASTHNOW,CHCCOPD3,ADDEPEV3,HAVARTH4,DIABETE4,MARITAL,RENTHOM1,EMPLOY1,PREGNANT,BLIND,DECIDE,DIFFWALK,LCSFIRST,LCSLAST,LCSNUMCG,LCSCTSC1,LCSSCNCR,LCSCTWHN,DRNK3GE5,MAXDRNKS,COVIDPOS,COVIDSMP,COVIDPRM,PDIABTS1,PREDIAB2,DIABTYPE,INSULIN1,CHKHEMO3,EYEEXAM1,FEETSORE,COVIDVA1,COVIDNU1,COVIDFS1,COVIDSE1,COPDCOGH,COPDFLEM,COPDBRTH,COPDBTST,COPDSMOK,CNCRDIFF,CNCRAGE,CNCRTYP2,CAREGIV1,CRGVHRS1,CRGVPRB3,SDHSTRE1,MARIJAN1,ASBIRDUC,QSTLANG,MSCODE,_RFHLTH,_PHYS14D,_MENT14D,_HLTHPLN,_TOTINDA,_MICHD,_ASTHMS1,_DRDXAR2,_RACEPR1,_SEX,_AGE_G,HTIN4,WTKG3,_BMI5,_BMI5CAT,_CHLDCNT,_EDUCAG,_INCOMG1,_SMOKER3,_SMOKGRP,_LCSREC,DROCDY4_,_RFDRHV8
_STATE,1.0,0.010609385225530751,0.007483740945066662,0.0052762126191116905,0.004136378945731698,-0.00046951827255841045,-0.0011906083498148833,-0.0016304672379220662,0.0006817446100923874,-0.006394298844341933,-0.003995903570699853,-0.0013752931245497033,-0.005721135727021196,-0.009984899571009771,0.0002761430702620099,-0.009854286736951977,-0.005083142218380006,-0.006635772848500753,-0.011853672423351301,-0.016102852126113846,-0.002524175825048935,-0.006008480278098963,-0.012186369794450806,-0.006025110313677521,-0.012047685200966343,0.003235262971446731,-0.0004771939049331408,-0.0009205673331939214,0.006392760416404733,0.002509218367662833,-0.005859296288924044,-0.00870224094453325,0.005182835626863916,-0.0061018513766648306,0.004647522380744544,0.012349488105417448,-0.017027307260383068,0.0023322438906597373,0.01314212636376899,0.009306602680090132,0.02771951592381121,-0.01137337146212749,-0.00045419573150500616,-0.020204891356354785,0.014595032291625084,0.08554588734444972,0.08661072261057311,,,,,,-0.011624563466028462,0.011710774294481878,-0.0028177351537991805,0.02022129398031939,-0.05783203397527278,0.012328938442548162,-0.019945440369145372,-0.021827145499821114,-0.0010793406592628334,0.1392964946853037,0.08780120975394916,0.006305364270816375,-0.00550213397275375,-0.006164306194111222,-0.00966448398604493,0.0004439057370528585,0.002613414234595689,-0.006271787329700604,-0.0055004492429132565,0.04986274470456907,0.005884886815603682,0.0042731439094089154,-0.011809569083132018,0.009024384558771116,0.016418878641510717,0.016013914325539412,-0.011125793893491777,-0.007773690847105956,-0.019622733892885894,-0.008170753676100468,0.01347915467072623,-0.002716156109776981,-0.019396166682316317,-0.017388666921121728
FMONTH,0.010609385225530751,1.0,0.009131973444014618,-0.004441702718737651,-0.002007342117355811,-0.0046521687262190215,-0.004636839875842358,-0.008038809935610623,-0.004306634635644165,0.0026485118950234005,-0.0003645817509075103,-7.115868405556763e-05,-0.002383531135460213,-0.005419246940318022,0.001425464404262988,-0.001616385046756695,0.004025628557308354,0.003463035459828721,0.007832074773096828,0.005621492029621636,0.003387616652617419,0.00840820737672946,-0.0011618722265866136,-0.004263112516167387,0.0005809014891706142,0.0015100853146991606,-0.006115261131872538,-0.005075751736361994,-0.005682766849369608,-0.005000086407666192,-0.011970641236186543,-0.011749017509604697,0.005329608479575668,-0.028834196796733366,-0.005911002068584996,0.15137603892385543,-0.012553955107152095,-0.01082710305081147,-0.01657821378526441,0.0019573390175726397,-0.015938348388434016,0.017184265424576333,-0.0056595634552014705,-0.009200554701691647,0.1517356168772558,0.14072213237179876,0.1384483905515795,0.0012893137752428533,0.0010812616068872512,0.004091958184553374,-0.011921101139900935,-0.02182897563649018,-0.03143170626337488,-0.00033059455155401185,0.017676534174882113,-0.004427867412828699,-0.021968844292263073,0.0053724092278812224,-0.005026749621807551,-0.003753856661340091,0.012139085511539733,0.02475829854788666,-0.024568065208050414,0.005687730398480862,0.016170243882163947,0.008261901467396148,0.0025185201198148015,-0.007843912239117607,3.788218598303983e-05,-0.0033180671705828877,0.003161421469784211,0.0171985055052201,-0.001598562348521129,2.5810691575211125e-05,0.0016464080306878908,-0.006001891452667027,-0.0058887569521701676,-0.0060888275898892084,0.0015066111309765507,0.009530019759458585,0.0031426025803711283,0.008065468941556428,0.003361000900856478,-0.012825915556573616,0.008794016403747634,0.007766644714053592
GENHLTH,0.007483740945066662,0.009131973444014618,1.0,0.50336499634649,0.31196815060353306,0.46120697175935166,-0.06197054975014666,-0.0308850735922548,-0.06379808985888173,-0.03008490578813659,-0.003902658342150533,-0.04256525996405023,-0.0688409810667855,-0.05839720995789977,-0.09998171297204303,-0.10335139188137307,-0.1663700242077682,-0.20961212425840042,0.054095744380886046,0.06912339519806056,0.2398302899637724,0.030171449064099316,-0.05891997035828148,-0.09580756858364942,-0.2483817045031743,-0.05044436187446438,0.20907693446407874,0.10773645077050031,-0.0656504480357986,0.009618972767335301,-0.11681861064040351,0.12291714467598794,0.030137211743879046,-0.007533755110531453,-0.03206434332673817,-0.10728238603096331,-0.0628770812721797,-0.10762476447171132,0.03231298850448339,-0.11088301395367703,0.048538662514692084,0.05502026363388894,-0.08745802322545414,-0.021842703476942317,-0.0015449867846274808,0.11076659042320197,0.11240267897324288,-0.09123046653672291,-0.08477621119840835,-0.21590088903540547,-0.08500415729326188,0.2160624480791429,0.04015965569715976,0.04529407218092083,-0.11413576732372062,0.00728804574042255,0.09106829807492821,-0.007838237833370721,-0.21113764454528652,0.10796510558988,-0.00022409941337814412,0.0714370490149206,0.02923891795170794,0.6750818638639179,0.320249666606494,0.18489819859181073,0.024058208374653573,0.22708809520409587,-0.22780712069107475,-0.07608499603422426,-0.2622135388420187,0.05401390182036244,0.021232920724797776,0.13957543065055344,-0.0648293238783587,0.1604119531755818,0.22192722741195245,0.18487830857859663,-0.05112643962720441,-0.19877210596903158,-0.1511838840006579,-0.08080913707126638,-0.18438298964761546,-0.08220524233238986,-0.009126146229155009,0.0012247579167363634
PHYSHLTH,0.0052762126191116905,-0.004441702718737651,0.50336499634649,1.0,0.3936818083121171,0.6933660418055769,-0.041798780999470604,-0.02784556360976385,-0.03440652862106363,-0.04157286173290292,-0.01148644922358053,-0.04970771289547154,-0.04513584425373983,-0.042285198606887536,-0.10525901425090362,-0.07258646124050801,-0.16374283711424822,-0.14051719353168643,-0.007729199504350023,0.029402537210018787,0.30083070226940484,0.008033785361644131,-0.0741801543693595,-0.09329945475663162,-0.29182498475363,-0.05270021764344939,0.1930135230972522,0.10809296287281102,-0.06859801649265275,0.012176166747401644,-0.07940327325076395,0.1866400206526147,0.008014426904980523,0.011201167571504385,-0.03389488813981369,-0.03923579035968593,-0.07155244758054541,-0.06519734692887638,0.03472041281390918,-0.07308244664808579,0.03015784053874847,0.04855159710718432,-0.08107196869747688,0.02336053615984914,0.0013806832337360843,0.10248984695232238,0.10728683851293565,-0.0949564928402926,-0.07753915267427755,-0.16875348496467651,-0.06996268667772476,0.2027387480867285,0.04454804202625583,0.05195854317183987,-0.06277397808897776,0.012609726729541514,0.10027424106632146,-0.00783857424957179,-0.13116868568053627,0.1051644448131842,0.009869160882756297,0.04321211221595855,0.02727892522951078,0.3968723705366979,0.9084638148878391,0.1328723169737751,0.013782924786924979,0.2450560550444248,-0.18280531246622714,-0.050607753060539676,-0.24402790009399214,0.01571485773051397,0.008100328786372561,0.20454232762859398,-0.04309086386334767,0.06060238644156269,0.08912455087394679,0.06081208532166888,-0.06634600528677309,-0.16782275859059748,-0.12356274771734178,-0.07232696627596896,-0.17877882169710704,-0.04076356341325881,0.005864792443123681,0.014459556011338429
MENTHLTH,0.004136378945731698,-0.002007342117355811,0.31196815060353306,0.3936818083121171,1.0,0.5340217467246342,-0.10972646263224159,0.05376475826105462,-0.11549476774825493,-0.013772202916287675,0.008217416074876607,-0.01691533840500176,-0.05786972287192707,-0.02537217137905115,-0.05768273292273475,-0.1834548436290358,-0.07040583652649104,-0.06261991571365765,0.08708749102451341,0.0937741651185585,0.12938324864557582,0.021030913666678093,-0.05465424361221763,-0.1719788208239959,-0.1398139346631451,-0.07312918493796428,0.05227504269833462,0.059115546908451305,-0.04007513308119206,0.0035129395429473556,-0.037854596158539366,0.20841305211959538,0.09733330128890497,-0.020058442219828714,-0.03623761229516093,-0.03850449229849998,0.02472050211771554,-0.03461712763841199,0.03661287357870715,-0.020745366368463355,0.030373547149953946,0.08316439040819813,-0.05936325230923334,0.04989270845202428,-0.0608767133092263,0.08305621724945222,0.07873622265341375,-0.10242494689669464,-0.08304976955721956,-0.11108212758730795,-0.04892897867001357,0.14786089111843093,0.05913943675353368,-0.06064030172103197,-0.04467372058429491,-0.02219560484167286,0.09844373708981097,-0.023974197422416667,-0.43959087822921117,0.17777204617994966,-0.02417658777911992,0.02509478811307557,0.017118726389446677,0.24517675127981378,0.19368943941034927,0.8908214451785466,0.029426272174749524,0.1595022813732339,-0.08830559621416652,-0.05492227155456923,-0.11317970337747309,0.04005708305670015,0.014515527804314898,-0.017574011124232566,-0.02963824689552192,0.05990625271605014,0.08112056744363286,0.056751250809702565,-0.00318408308505064,-0.1688804831625697,-0.11502650444343135,-0.08375800911475947,-0.1617262467357518,-0.02353906622817699,0.014833144933426216,0.02775472841187535
POORHLTH,-0.00046951827255841045,-0.0046521687262190215,0.46120697175935166,0.6933660418055769,0.5340217467246342,1.0,-0.05307670964124815,-0.02135970027387721,-0.03727189373023541,-0.035030656436920805,-0.007026673908068273,-0.047369210216367294,-0.04790304937378927,-0.03790069484950206,-0.10344488227453973,-0.08432372486105912,-0.15860704476612855,-0.13889814021311742,-0.009021055204853478,0.030918485057711744,0.3521104281735511,0.02973250011918449,-0.07654441290600453,-0.1279977469698747,-0.2972836043811822,-0.052018263215284494,0.20360735527015716,0.11078495975441639,-0.06579501539557651,0.01706224711220688,-0.07060304738517803,0.22621606409038417,0.024418709652397393,0.015862380115631933,-0.03216937628805326,-0.025665578476204202,-0.07182135707164593,-0.059238555836801474,0.030554675679627524,-0.0967323205798669,0.035887927169439074,0.06223299756019845,-0.08394975694318398,0.034398662129327844,-0.012993457024635663,0.12086643766233936,0.12898255200040407,-0.08307766483231378,-0.03620943067640786,-0.2065105053984657,-0.07835337060974754,0.1879805744351623,0.05812393013482717,0.05445199392613643,-0.07143172537690914,0.010502298858588591,0.10616039202880453,-0.015033380050181847,-0.19495360451637164,0.1253293452140057,0.0006131088788277502,0.01956407206870699,0.037569756689590575,0.35760629606153665,0.3066443184494248,0.1772672098012415,0.02345008271717309,0.27882023056325894,-0.18570724803905594,-0.051474777669500975,-0.2386959206784122,0.0021483677050540585,-0.005121160855056253,0.20337386253971648,-0.033249315064189454,0.07329497799548326,0.0965401520365175,0.06945925957932399,-0.056270175757273076,-0.18569148798404975,-0.13496112488512363,-0.07978058657850058,-0.19326137249939318,-0.03143513355951995,0.014686546419327809,0.024679621247991966
MEDCOST1,-0.0011906083498148833,-0.004636839875842358,-0.06197054975014666,-0.041798780999470604,-0.10972646263224159,-0.05307670964124815,1.0,-0.0283697113058772,0.05555627027999928,0.046623368090872495,0.044184206169667985,0.06117857938432977,0.07059688468481076,-0.0025613812190255197,0.06039607449574161,0.09284081972255571,0.030401155951383377,0.017987884841085728,-0.04164450304803364,-0.009309109594062533,0.04657659642167826,0.051334905138376435,0.07929720264888335,0.09544868345213332,0.0687905388909974,0.015499373431636381,0.03215248358617668,0.01781742737840695,0.03149074167244054,0.018464035688291212,0.012227124977426593,-0.02793009364869494,-0.0581204615709359,0.05243132878246052,0.04372371565084061,0.03175965435235298,-0.029956078948982483,0.03626733251713428,-0.009888807554209749,0.01403302549829612,-0.03301076351056909,-0.05755966800233974,0.04432621384272029,0.005475719074190885,0.06274553757552043,0.0007689002018928939,0.0071827458927408465,0.07875917398143378,0.07846616949196854,0.08981173570465982,0.04309250747578582,0.004599801475580967,-0.016613657963285042,0.09326192796059932,0.004253172558945776,0.056723602614629914,0.002616817616674361,0.018691645633979685,0.1461453809054682,-0.05633145784812668,0.015999440778114597,-0.0567788145184468,-0.006320080065537731,-0.01446305107243611,-0.011319196083114214,-0.038306090669311524,0.023319674574858132,0.034153024846884386,0.001088892473475401,0.04451474340049955,-0.0020506029485557733,-0.06318759014918642,-0.018273424787619317,0.09422528654627609,0.011734485033646517,-0.014916805632841267,-0.028287101004555327,-0.015705544434784776,-0.006497726848834667,0.06819750899048423,0.08608284471421773,0.03859469153128979,0.03479112197247033,-0.0032553075744638916,0.014683772841021393,0.01141904155607805
CHECKUP1,-0.0016304672379220662,-0.008038809935610623,-0.0308850735922548,-0.02784556360976385,0.05376475826105462,-0.02135970027387721,-0.0283697113058772,1.0,-0.038107388314622154,0.05708265940626659,0.04380047249276016,0.055439544363269505,0.04319996624933388,0.08366082035288587,0.057116333122240556,0.04962192777279887,0.12554931558653684,0.10887473406551787,0.1211721690488988,0.10244927453271771,-0.12159022868706766,0.03994312295546591,0.033912565802333455,0.022964338860114262,0.06815816525371401,-0.023524318526976156,-0.10065917501307035,-0.029710270378547343,0.0610854244530121,0.01867200065224653,0.09178184868831413,0.08290506015301878,0.14141227855526034,0.03403589835330966,0.003368894502521071,0.03421559814239838,0.36287275704482985,0.09631492477559848,0.058209920432620146,0.010761742827084623,0.010778801170097434,0.1032080653218433,-0.00759774665582422,0.12945414382374282,-0.11730480534016342,0.014351914826966693,0.011970885704548923,0.013976631197972588,0.02538463707179664,0.06747392180573611,0.03688228592089844,-0.06075201104423329,0.017665259547688533,-0.060087995390048346,0.008144065136741799,0.04075574517954441,0.018749396881593168,-0.0004222536661903428,-0.040598743941632015,0.060777748062064145,-0.0016524156953717868,0.06274814942439198,0.02972066929814114,0.012810757266895477,-0.003408851059614193,0.04721028743740813,0.09019797584396251,0.02910993777156659,0.06942650465963639,0.0465051950232286,0.13778777460563682,0.06474696405339903,-0.09346142297410037,-0.20428470540649013,0.07572759378185222,-0.014087403770890374,-0.05238170439722222,-0.05576505856823635,0.0729834551501165,-0.05117599022100428,0.007786186170538986,-0.0072367604773711175,-0.01312012137052177,0.04474518509261889,0.022540532348344838,0.029704191800402638
SLEPTIM1,0.0006817446100923874,-0.004306634635644165,-0.06379808985888173,-0.03440652862106363,-0.11549476774825493,-0.03727189373023541,0.05555627027999928,-0.038107388314622154,1.0,-0.00371333230051515,-0.002171781742418653,-0.007197883382134115,0.0338442983142091,0.003036623365981536,0.008544549073594627,0.02586559658050427,0.00867223892728127,-0.008826917266562201,-0.02812700725502973,-0.024213407326108657,0.10399473535781018,-0.004331181284078185,0.013334288833794039,0.028845414541012037,0.014666657662837349,0.037903015897717426,0.0604967085969141,0.006254823758985927,0.01024192762841732,0.01771588296160637,0.015013083704474,-0.0379370259182099,-0.06334457285648995,0.03387543430679773,0.029227229026202242,0.01671576146648893,-0.018902017021278052,0.013678379306451811,0.0115056809518449,-0.015262862422044284,0.010220266920939034,-0.012718538754583933,0.03633065770961772,-0.014091131662700882,0.03784991590637179,0.0317512731839031,0.03689860576833822,0.01714790928137523,-0.005921518531807709,0.018049306627796666,-0.0006391052617360462,0.02995579978334962,0.01305956427600692,0.09839745603703409,0.001698139009242404,0.020062521366204695,-0.01734063165493186,0.004929227305091305,0.19443013493614408,-0.04296629973237064,0.0064378008303470746,0.013002832406619737,0.009865714683824585,-0.03848245559679325,-0.0306744584341928,-0.07664457086694962,0.010043237802903428,0.001553486537151217,-0.007519097034024224,0.028771430981433987,0.01307158009679932,-0.04646186466755125,0.018113272981142698,0.09892944561596112,-0.014144293733598868,-0.053521282417923075,-0.05080531977200796,-0.04674890157459657,-0.05014831099589754,0.01477159388557646,0.023135282658753514,0.027162797881617465,0.03250033870802939,0.0016422314307902818,0.003497721815066414,1.5333115391322816e-07
CVDINFR4,-0.006394298844341933,0.0026485118950234005,-0.03008490578813659,-0.04157286173290292,-0.013772202916287675,-0.035030656436920805,0.046623368090872495,0.05708265940626659,-0.00371333230051515,1.0,0.23865966232734537,0.23155998223376673,0.1261005214651256,0.01984798593363726,0.1609045933146303,0.11433801304824621,0.12470875111934702,0.10994612191953078,0.04175206867844834,0.058837585482327696,-0.035104884253651276,0.0999794091550318,0.07355399333558918,0.06101618673954532,0.08496010395362606,0.010382053884976188,-0.06505768343749417,-0.03960928799302621,0.059322794729658644,0.016627503230493997,0.008056702347726215,-0.004114584935966213,0.018185785651845636,0.045918365731281406,0.009821860660744617,0.012711587856878433,0.04505895089355729,0.07172565240037203,0.020046539055466234,0.04941132349246297,0.0006434522869549861,0.007942607454438607,0.029844582023034836,0.04846182295864815,-0.01735530698528536,0.00324284484666405,-0.003828652179611094,0.023206137424659257,0.022515979906308704,0.0460917479316827,0.0490078724313617,-0.05163146451333487,-0.012647240900017813,-0.0077867037364404606,-0.004599956638494956,0.04486934023359646,0.002967365615950162,0.00617352654072567,0.003592700099581446,0.013822490053202784,0.007030936159093609,0.010837156971995505,-0.013581895363994173,0.003713063860864356,0.011323220581316887,0.029709399663311355,0.042503434243224975,0.030436259006399076,0.5965622297901463,0.07485208325287228,0.045407552852217994,0.02650867910067593,0.021015516807788057,-0.06130179989133721,-0.017446831236520518,-0.02045464661431597,-0.012297488263559662,-0.01635451679088859,0.04430908659874085,0.026256099404390446,0.03811727690701353,0.03856846605676331,0.04393650740721719,-0.002063713094020479,0.029322774216434516,0.0305667297111006
CVDCRHD4,-0.003995903570699853,-0.0003645817509075103,-0.003902658342150533,-0.01148644922358053,0.008217416074876607,-0.007026673908068273,0.044184206169667985,0.04380047249276016,-0.002171781742418653,0.23865966232734537,1.0,0.18333676252105166,0.11791071830776481,0.013306749249695824,0.14862068645516874,0.1028614604293883,0.1081179467927743,0.0851727337001493,0.038141882606585194,0.054094485550750436,-0.007895005097714462,0.1128651078820706,0.05835418843316449,0.053738654299071,0.06947335291794064,-0.00571405248163646,-0.024561892548980953,-0.017643293453961463,0.05936200501483528,0.03805086189905127,0.006091356515896232,0.015178056818320962,0.01742211615580006,0.04429799185879409,0.010453177956600317,0.01833910514258097,0.03927328750116738,0.06525500884531818,0.04201064321631248,0.02401879904650244,0.02062987233947587,0.029063637030034763,0.03471496510127471,0.045167369834749595,-0.02083142778158616,0.02182477786796852,0.01822186320970209,0.03648974215822212,0.028741974785726758,0.044585981973769784,0.03316677393678713,-0.030925519290530827,0.013462681643219463,-0.005121835155051838,-0.007647055004126848,0.04048344560866218,0.020284261106249462,0.014579622481329038,0.005272635325670835,0.018417683319646296,0.004068826862335946,0.005933954430341497,0.001626027733260789,0.02233212535531225,0.021850368848770434,0.032150264939299865,0.034995036785385306,0.03625167401719721,0.40886977250098183,0.0687216448293107,0.023451665755913047,0.013575076013005468,0.014164205421464989,-0.030183884028755183,-0.010514096552231877,-0.014735034808525385,-0.00950882699919294,-0.014541113849500902,0.029735767365584094,0.004486977641363843,0.023807416319051297,0.018219745847460413,0.004823140732012569,-0.005985426580754254,0.02049177931707304,0.022750949939355666
CVDSTRK3,-0.0013752931245497033,-7.115868405556763e-05,-0.04256525996405023,-0.04970771289547154,-0.01691533840500176,-0.047369210216367294,0.06117857938432977,0.055439544363269505,-0.007197883382134115,0.23155998223376673,0.18333676252105166,1.0,0.17860990685484407,0.01712055086512818,0.19732475176706785,0.13914861357090097,0.15213481308188384,0.12865650161091918,0.035607101666372515,0.054764290116384576,-0.04776472290815129,0.10806901691700341,0.10107317088954611,0.08294792127711874,0.11909601597756903,0.007555290123770722,-0.055104660118259374,-0.022453261850569103,0.06502677849339648,0.002631653490673208,0.008669898862997872,0.0036513982352120015,0.016522067735074464,0.0569528795196739,0.0068561578443873715,-0.0006996731871397918,0.04095032667199782,0.08792904836108337,0.000436313176716079,0.02868472048807572,-0.0103982003694877,0.0031983870243071106,0.0003588775569008008,0.05901911196858354,-0.008490215407409383,-0.005189660682605435,-0.010109327028436945,0.035435380781445314,0.04241481321993287,0.07937614657825187,0.06619754425042546,-0.042607670089756966,-0.0038921286189187295,-0.02926857130968802,0.01791719298091147,0.03908016769334527,0.00359291570163799,-0.004756726148444328,0.013660555368634565,-0.0019215855392637983,0.0017329021742526615,0.013762496973491214,-0.0009576275768248455,-0.00426018900662267,-0.0072463259483602285,0.018364898926903364,0.03480444992679798,0.02671544733054914,0.0994630956566308,0.10344492735165343,0.045024780997289814,0.013620681293618056,-0.0016377217888415491,-0.057360255131144344,0.010103392102400953,-0.004350346436379569,-0.008526945512293018,-0.009421505485099731,0.04533061859175572,0.0532377705468328,0.04330280855540407,0.0329877229008873,0.0326314842601181,-0.0016925039143051584,0.024942895074914564,0.02512041139969611
ASTHMA3,-0.005721135727021196,-0.002383531135460213,-0.0688409810667855,-0.04513584425373983,-0.05786972287192707,-0.04790304937378927,0.07059688468481076,0.04319996624933388,0.0338442983142091,0.1261005214651256,0.11791071830776481,0.17860990685484407,1.0,,0.21791440051454616,0.17093547440090076,0.14700784389558796,0.09813675556116319,-0.002009649620920666,0.02180724561695266,0.0005157864715668106,0.06957522532234345,0.07715390090237553,0.08938802385005433,0.10185165412805698,0.03252908447132288,0.012135233622756935,-0.002056909933120838,0.06163694324085111,0.021865831915269526,0.0076149131565049055,-0.0030037501924718483,-0.0009500788919247217,0.0716999428853048,0.027751023246392628,0.048553630312330655,0.028251042132838074,0.08063249828467886,0.0015926461933152706,0.03002000528468998,-0.014471337754766778,0.00614519663330818,0.04551655407436182,0.04470273728773675,-0.0026219641745523227,0.015308947864314625,0.01639140684201806,0.0821737327568093,0.08264824694226483,0.13088721945886728,0.15360698353346328,-0.00419686793085059,-0.0060177918493136435,0.059156015731745164,0.011553239367360461,0.05875790152311014,-0.000382033252852588,0.016967868745701827,0.09295175150474268,-0.020900303557225507,0.00714444245291191,0.012754132221563432,0.008565767260975557,-0.021657485739918436,-0.03076641884247775,-0.028516719822376652,0.033331374476025945,0.018967842283370475,0.027703324582382543,0.7572362337525891,0.06951186639983409,-0.008814637479962731,-0.05594432505335369,0.033278202009937884,0.04670414528271372,-0.04345393545769638,-0.07636886733146313,-0.05726953269098741,0.02091373852377568,0.033597078509922045,0.04791628458402003,0.03555424688211652,0.019221624641957955,-0.003029981290843038,0.029210423336129193,0.027393913418064603
ASTHNOW,-0.009984899571009771,-0.005419246940318022,-0.05839720995789977,-0.042285198606887536,-0.02537217137905115,-0.03790069484950206,-0.0025613812190255197,0.08366082035288587,0.003036623365981536,0.01984798593363726,0.013306749249695824,0.01712055086512818,,1.0,0.06424786184855151,0.038803320970099406,0.06810504594575706,0.03183030864890043,0.036532422657936554,0.021153816264562895,-0.0429771979841603,0.006250554828336547,0.026235334489294465,0.02340917129521726,0.0553484510936575,0.01799681338545484,-0.03457655532135617,-0.003924997980601172,0.05928528090825327,0.03458430634043448,0.03093385203868256,0.022475195693135584,0.0468104396832063,0.017771260923973513,0.019876290610527494,0.04363380385071391,0.06325537096547174,0.02896271505949617,0.023016554684397224,0.003320032454515501,-0.008620233062007553,0.03852239863175464,0.02507362765001626,0.03871292010806247,-0.02326406420613006,0.004149957607867056,0.00015510476008353443,0.012238599925776764,0.021958731258510892,0.049904491839719234,0.06103499303277855,-0.0028484021564437966,0.042133807478471945,0.03415361058025771,0.008684103174947888,0.03266807474746938,0.004876351858952682,0.0362945743499089,0.02008167499608286,-0.04893984067033329,0.007663768371343193,-0.006028809552144072,0.00014238276257461539,-0.031163793443631255,-0.018901235683863205,0.0102902019554854,0.020780037283340318,-0.023898171370295717,0.032713653924370915,0.9942663052521473,0.06347779926683435,0.0020859626963019946,-0.09704594644794272,-0.06341091320893916,0.08040554450185185,-0.008993987165095325,-0.05081741081818779,-0.045051240532447454,0.010567287086296482,0.010871437951558875,0.05409008762739119,0.002714963379448366,0.012196446990415893,0.028027509130872857,0.002835410769618413,0.005021887525653354
CHCCOPD3,0.0002761430702620099,0.001425464404262988,-0.09998171297204303,-0.10525901425090362,-0.05768273292273475,-0.10344488227453973,0.06039607449574161,0.057116333122240556,0.008544549073594627,0.1609045933146303,0.14862068645516874,0.19732475176706785,0.21791440051454616,0.06424786184855151,1.0,0.1657732433269253,0.1932218113073351,0.12179350244222413,0.03188869332170123,0.048091559433187624,-0.07929416938216458,0.09805767049356084,0.0984107995696978,0.09015312253434903,0.1427690199146957,0.04862213896724991,-0.19360368894853766,-0.08787405988970357,0.09237132971768794,0.05015724941624056,0.097371979108285,-0.039543350834642,0.004776008073106352,0.055287130856727484,0.02244337010449472,0.02813357114167168,0.060953338258406646,0.10401850158402744,0.009726448782551519,0.035387979540769325,-0.006328298493458603,0.0058606157532824004,0.07626420319135273,0.05204020240386896,-0.011608763820025248,-2.2779127860122748e-05,-0.005109380149221728,0.10775163187004842,0.11640542769696244,0.18072079308170114,0.1500598434076247,-0.22890621178636786,-0.021106770291969983,0.007254771050647961,0.030159787251073978,0.050063640834650515,-0.014722908748764498,0.015283357861852503,0.04823367120209474,-0.046867132945903854,0.013062531316549459,0.018429137794666615,-0.012777838227249639,-0.04546247964862852,-0.031061109162246144,0.002721764477166621,0.039794315793157974,-0.004072988837941544,0.09710901500710326,0.1595228385790614,0.10254513779837844,0.02841682926892192,-0.026409831691213678,-0.07962151815327786,0.030761986345712658,-0.013280357347624385,-0.03169435739486646,-0.021123743103265726,0.051439160576113134,0.07810415789815758,0.07420003149064523,0.08240872111436352,0.1552822216408096,0.1485068007614705,0.024642856022415387,0.023813716385881874
ADDEPEV3,-0.009854286736951977,-0.001616385046756695,-0.10335139188137307,-0.07258646124050801,-0.1834548436290358,-0.08432372486105912,0.09284081972255571,0.04962192777279887,0.02586559658050427,0.11433801304824621,0.1028614604293883,0.13914861357090097,0.17093547440090076,0.038803320970099406,0.1657732433269253,1.0,0.15680233031975516,0.08427011610517818,-0.017898921733556127,0.01629398615238615,-0.01057548658342978,0.06398827357370054,0.08592886619468604,0.1773439879093722,0.11821753381119732,0.027736601819386177,0.004596707536469311,0.002210797316433635,0.054296312707208264,0.023182240711657198,0.010983815603260052,-0.018745504564505275,-0.018682472850133188,0.06521826249649158,0.03824724061163924,0.044065824019811406,0.03277925642609954,0.08991426571948417,0.023901007728166602,0.013606181002883171,-0.005175407477848128,-0.0241726039631667,0.06992295096637731,0.05162100770572358,0.013698159897817055,0.01667379985395919,0.016625112219152992,0.0760191094286758,0.05882792793252339,0.11159473130400857,0.04946563403302134,0.0016397645829541673,-0.01402025089393153,0.11511765516556106,0.02161790192279211,0.07279758005939918,0.012955559438484402,0.012991030014142192,0.2374626031962856,-0.04861297541929294,0.025531230499830075,0.02207829061059532,-0.011358545298702914,-0.044853836525630845,-0.04873551827934653,-0.10310783642206263,0.048378037521938644,0.005368384285163649,0.02284749781875041,0.12268543589200173,0.08263619560018812,0.013971662729887667,-0.09196803089560687,0.051655863641234874,0.061557789239907464,-0.03266011987425368,-0.07301579503556027,-0.0501790465562543,0.03206232156764149,0.03967834690272695,0.08850087489059817,0.07224657424961396,0.06957978208605137,0.015152646708833858,0.044228152589933546,0.04224567102949836
HAVARTH4,-0.005083142218380006,0.004025628557308354,-0.1663700242077682,-0.16374283711424822,-0.07040583652649104,-0.15860704476612855,0.030401155951383377,0.12554931558653684,0.00867223892728127,0.12470875111934702,0.1081179467927743,0.15213481308188384,0.14700784389558796,0.06810504594575706,0.1932218113073351,0.15680233031975516,1.0,0.16644974610329394,0.09574527912816187,0.09619510970217567,-0.21074175699566733,0.07109103091264787,0.09040781252073112,0.08388119264219777,0.20564335274171172,0.010003818812796375,-0.13911874127537213,-0.08790436153706126,0.0818831842390511,0.008620915796270811,0.005529260417265804,-0.04014839729629374,0.07903825227622767,0.03302340703655413,0.01963467550204331,0.05270613044841186,0.1547661349395755,0.1387442667816924,-0.0018815980244361685,-0.0051577743681085345,0.0031717322304074085,0.04862174930726559,0.03823047295234826,0.08109274773060869,-0.09054764604089219,-0.018870399075457452,-0.02739660600258216,0.09309907965427446,0.0801771283765461,0.13528712129641884,0.09127817856649068,-0.13721292988976738,-0.02577832904965671,-0.061664103967398666,0.009242720354778858,0.06137489161277542,-0.028168179677310765,0.0026375067468160456,0.034631779913818946,-0.025232707472972255,0.0001382801792331259,0.05036308940367904,-0.009258293350748674,-0.07758698637090684,-0.08398420010924616,-0.0014746365458120749,0.05416837849624267,-0.029336879678399482,0.1305312450587595,0.10931544358142303,1.0,0.08561393517403211,-0.07652548286251899,-0.2790412294605522,0.07723558846718435,-0.0533797414839471,-0.09963218449026574,-0.09389850899449305,0.11971072416550606,0.0625681854714824,0.07606601395599567,0.06411361351618966,0.09732524295984295,0.0012123059856250866,0.04170371975417672,0.044494844988990756
DIABETE4,-0.006635772848500753,0.003463035459828721,-0.20961212425840042,-0.14051719353168643,-0.06261991571365765,-0.13889814021311742,0.017987884841085728,0.10887473406551787,-0.008826917266562201,0.10994612191953078,0.0851727337001493,0.12865650161091918,0.09813675556116319,0.03183030864890043,0.12179350244222413,0.08427011610517818,0.16644974610329394,1.0,0.05416418973708778,0.04235159875551832,-0.15044523033728613,0.059619198843959546,0.0714473053844643,0.051613108104283066,0.15644578401981943,0.00337561405275601,-0.11275625601862567,-0.09837046721882445,0.06075615280267553,-0.0025652451954031354,0.012692523118040835,0.007025693357682395,0.054811561185008406,0.037166017772360185,0.012122294851601368,0.04814143262277281,-0.008987732819871875,-0.10239526871561479,,,,,,0.06271163633558154,-0.04703903574136054,-0.03837589203525066,-0.0414155271348659,0.03945321255531526,0.033379686194453674,0.11170685332723297,0.06853329170202835,-0.09964090743277405,-0.0028115456712396324,-0.056843159502652764,0.031079967646082514,0.01896403754192549,-0.03307389926720447,0.0026766065139879904,0.0006443669255438621,-0.008541684955098432,-0.0011836237843461772,-0.009320408800840788,0.008032235045235201,-0.12220486445017305,-0.07287642790577673,-0.0006757468834833382,0.024505445082659803,-0.07283175561706619,0.15842751413305525,0.06924460131261852,0.14273150669903872,-0.0025581537527610324,0.005787090922432544,-0.18330760487303985,0.01880097126336406,-0.13789472823970597,-0.16820117706334073,-0.1572610653568014,0.06633457324998457,0.082279654461453,0.07237906433010405,0.0296681678919893,0.05407240610325839,-0.006097179463230827,0.028628983516278732,0.025753072624555007
MARITAL,-0.011853672423351301,0.007832074773096828,0.054095744380886046,-0.007729199504350023,0.08708749102451341,-0.009021055204853478,-0.04164450304803364,0.1211721690488988,-0.02812700725502973,0.04175206867844834,0.038141882606585194,0.035607101666372515,-0.002009649620920666,0.036532422657936554,0.03188869332170123,-0.017898921733556127,0.09574527912816187,0.05416418973708778,1.0,0.33459662437895765,-0.034489514815695864,0.051568794543039795,0.018579371962194294,-0.018755993740620668,0.024992825479106022,0.006685593525817681,-0.02740752285749341,-0.07034509616646688,0.03704497423734376,0.02378918461866096,-0.007364626349597564,0.01461845135771391,0.1451904295617375,0.012958247229268152,-0.008919826280208622,0.015602162545828887,0.18584728117242008,0.05274677195242779,0.0407532627923522,-0.0015132380176261693,0.023984863643616003,0.07516864535335702,0.004052308227281224,0.0521917543061952,-0.09062678323094663,0.03756838370968062,0.025972947020719325,0.005409655270532341,0.005532679248466799,0.010952162242396682,0.01980144905755333,-0.06697222712963738,0.005304565400592267,-0.02289222526896498,-0.056693831890869704,0.051376306189082656,0.007794140613276472,-0.0013824156710598267,-0.1236227577589409,0.06273118780854911,-0.0036600613381591596,0.06764728179824551,-0.05115769116858364,0.047922144637118406,0.037436613647428896,0.11136706849348899,0.1115100986663896,0.034687541863580855,0.044946338015416754,-0.0005354695818563234,0.10136095979746007,0.13486803609986703,-0.004308286314837684,-0.3401923100094852,-0.008072614418079837,-0.029605107651161096,-0.020032010009617966,-0.05290635765187254,0.008457134184842417,-0.0701981066487467,-0.08781467372694153,0.006827299417396803,0.016836255911470987,-0.023448246117538284,0.022452831957118856,0.03409580466277767
RENTHOM1,-0.016102852126113846,0.005621492029621636,0.06912339519806056,0.029402537210018787,0.0937741651185585,0.030918485057711744,-0.009309109594062533,0.10244927453271771,-0.024213407326108657,0.058837585482327696,0.054094485550750436,0.054764290116384576,0.02180724561695266,0.021153816264562895,0.048091559433187624,0.01629398615238615,0.09619510970217567,0.04235159875551832,0.33459662437895765,1.0,0.0029898982785963855,0.1227442640769194,0.05909489076430872,0.019152870828093038,0.045132973152717706,-0.017274366747940785,-0.020864629869645903,-0.04898688871840729,0.04985956951884551,0.017155447840317316,-0.008270816360247546,0.00881958821759685,0.08939703320246613,0.03719158879184656,0.0012350952626350696,0.012644968600155349,0.13780972792283117,0.05439187795827509,0.05009609234903246,-0.0034140474558021065,0.06205608142950173,0.06528458997876277,-0.0001126466753615328,0.08409244793706941,-0.08283754226676807,0.045389186798472356,0.03407725953998101,0.015731870745201094,0.01390177610644873,0.003079391870892292,0.03012432566018423,-0.05594287330472016,0.042772361291139836,-0.04056247755635797,-0.03864618513600542,0.0649152560972843,0.04727338976415079,0.005059370950009292,-0.0843884975434257,0.06749391134677045,0.008659292035212035,0.07320148163235299,-0.027763858572171583,0.06845712749947919,0.05936786779597041,0.09788532602228314,0.15307552820368278,0.05899320873665831,0.023357721225585718,0.009488750079159225,0.07471608725695056,0.12351150220619792,-0.008601013333391073,-0.2404650850910461,-0.013603248337632491,-0.014406508764319129,0.000578500745110807,-0.02649169066067566,0.12198699693080625,-0.018339162892829063,0.012804167427251576,0.04481952467546194,0.0073247059304749835,-0.015417479826632574,0.061981210433359836,0.07104395960931423
EMPLOY1,-0.002524175825048935,0.003387616652617419,0.2398302899637724,0.30083070226940484,0.12938324864557582,0.3521104281735511,0.04657659642167826,-0.12159022868706766,0.10399473535781018,-0.035104884253651276,-0.007895005097714462,-0.04776472290815129,0.0005157864715668106,-0.0429771979841603,-0.07929416938216458,-0.01057548658342978,-0.21074175699566733,-0.15044523033728613,-0.034489514815695864,0.0029898982785963855,1.0,0.05063552845226364,-0.030425186987346593,-0.02316669187332469,-0.1827303852145139,0.010593736018453197,0.2988073752934381,0.14091622201367673,-0.03619991491693164,0.0369975475222636,-0.03525233984165114,0.07309650531204359,-0.15694040458233988,0.10002320241224556,0.010224302061614073,-0.03842444457682849,-0.14057843293803146,-0.06346781650400131,0.0489721441536331,-0.03790228788419247,0.03100067781961674,-0.06642891552151771,-0.03627568045980574,-0.03616080788832061,0.17700685751267212,0.09126339613119468,0.10657312540612408,-0.023551097816464854,-0.034717519430765266,-0.12409440114442256,-0.0709498911069367,0.24257300291422756,0.032643931392651156,0.30235960724374933,-0.030276677511780696,0.014817273932350689,0.09872801620674429,0.0046390709414106,0.07898363540429333,0.03486721652725667,0.029074985822486774,-0.02319426556407272,-0.02439582736134113,0.17194049562686284,0.1452473833607215,0.010924875806673541,0.04684730410193627,0.12242615398565942,-0.20648506362940014,-0.012343117625643961,-0.3071292694851557,-0.09070813385138045,0.0920030290545545,0.4929141132613312,-0.13733974819931133,-0.08498543887680644,-0.021670428166411293,-0.028988487332718707,-0.18508380900864543,-0.10244071250141287,-0.09499083023704313,-0.030036151385366947,-0.11320964922848517,-0.05226526567377428,-0.00903564863952846,-0.010891046447185066
PREGNANT,-0.006008480278098963,0.00840820737672946,0.030171449064099316,0.008033785361644131,0.021030913666678093,0.02973250011918449,0.051334905138376435,0.03994312295546591,-0.004331181284078185,0.0999794091550318,0.1128651078820706,0.10806901691700341,0.06957522532234345,0.006250554828336547,0.09805767049356084,0.06398827357370054,0.07109103091264787,0.059619198843959546,0.051568794543039795,0.1227442640769194,0.05063552845226364,1.0,0.16510230031606066,0.10091318444126192,0.12881324435550112,0.0015085812131150058,0.01098316651436976,0.008419689426701371,0.06349700838885321,0.01407808516657621,0.03527534902359871,0.047850361159315076,0.01499670573449838,0.1003581811040905,0.003270535258316176,-0.00751481638876969,0.019520800576499225,0.0274523243079779,-0.023924373427081418,0.027160759325246163,0.00020492285781024367,-0.02327724172956279,-0.0623836662382787,0.09437903181257573,0.015997774836913694,0.025877616901217877,0.03326317451379272,0.19394872237138583,0.17615882281452652,0.2005280377254582,0.11843135903200631,0.032200809106433,-0.03709252408076558,0.036525285219476025,0.018519600252799175,0.11925885316173798,0.06180139849912249,-0.01291738887195669,0.019494285880737518,0.022492866570288875,0.058687963060603004,-0.009829115522387903,-0.016937439697479257,0.05177062858138736,0.030655167694802442,0.028916882981146728,0.05290501898774148,0.05451297994326099,-0.0012527197434649515,0.037239037545102154,-0.010226419187205455,-0.010731622784384482,-0.0030402771507106983,0.04945285786637926,0.0067464527226547165,-0.0024551197880403877,-0.00047758881870340095,-0.004702502260701749,0.08571468640670242,0.06053177319716843,0.07168219597951492,0.06837288020206855,-0.010323137633908026,0.03944555368522316,0.08610197927130735,0.08590216063929865
